2
2
3
3
3
4
4
4
5
5
5
6
6
6
8
8
9
9
10
11
12
12
13
14
14
14
15
15
15
15
17
17
17
18
19
19
19
20
20
21
21
22
23
23
24
25
26
26
26
27
27
28
28
29
30
31
31
31
31
31
32
32
34
34
35
35
35
35
35
35
36
36
36
37
37
37
37
38
38
39
39
40
40
42
42
42
43
43
45
45
46
46
46
47
48
48
49
50
50
52
52
52
52
54
54
57
57
57
58
59
59
59
61
62
62
63
64
64
65
65
65
65
66
66
66
66
67
68
68
69
70
70
70
71
72
73
73
74
75
75
76
76
76
77
77
77
78
78
78
78
78
79
79
81
82
82
82
83
83
83
84
84
85
85
86
86
86
87
87
87
88
88
89
89
89
89
90
92
93
93
93
93
94
94
96
97
97
97
97
97
98
99
99
99
101
101
101
103
103
103
103
104
104
104
104
105
106
107
107
108
108
109
109
109
110
110
111
111
111
111
112
112
113
113
114
115
116
117
117
118
118
118
118
118
119
120
120
121
122
122
122
123
123
124
124
125
125
126
126
126
126
127
127
128
128
128
128
129
129
129
129
130
130
130
132
132
133
133
134
134
135
135
135
136
136
136
136
136
138
138
138
140
141
141
141
142
142
142
143
146
146
146
147
148
148
148
149
150
150
150
151
151
151
152
153
154
154
154
154
156
157
157
157
158
158
158
158
159
160
160
160
160
160
161
161
162
162
163
164
165
165
167
168
168
169
169
169
170
170
170
170
170
171
171
171
172
172
173
173
173
174
174
174
174
174
174
176
176
177
178
180
180
180
180
180
180
181
182
182
182
183
183
183
183
183
184
184
184
184
184
185
185
186
187
188
188
189
190
191
191
191
191
192
192
192
192
192
193
194
194
195
195
196
197
197
198
198
198
199
200
202
203
203
203
204
204
204
204
204
204
205
205
206
206
207
207
207
207
208
209
209
210
210
210
210
212
212
213
213
214
214
214
214
215
216
217
217
217
218
218
219
219
219
220
220
220
221
223
223
223
223
223
223
225
225
225
226
226
227
227
228
228
228
229
229
229
229
230
230
230
231
231
231
231
231
231
231
231
232
232
233
233
233
234
234
235
235
235
235
235
236
237
237
237
237
238
238
238
239
240
240
240
241
241
242
242
243
244
245
245
246
246
246
246
246
247
248
248
248
248
249
249
249
250
250
250
251
251
251
252
252
252
252
253
253
254
254
254
255
255
255
256
256
257
257
257
258
258
258
258
258
259
260
260
260
260
261
261
261
262
262
263
263
263
263
264
265
266
266
267
267
269
269
270
270
270
270
271
271
271
271
271
272
272
272
274
274
275
275
275
275
275
276
277
277
278
278
279
280
280
280
280
280
281
282
282
283
284
284
287
287
287
287
287
289
290
292
292
292
293
293
293
294
295
295
295
295
296
296
297
297
297
298
298
298
298
299
299
299
299
300
300
300
300
302
302
302
303
303
303
303
303
303
303
305
305
308
309
309
309
309
310
310
310
312
312
313
313
314
315
315
316
316
317
317
317
318
318
318
319
319
320
321
322
322
323
323
324
324
324
324
324
325
325
326
326
327
328
328
329
329
330
331
332
332
333
334
335
335
335
335
335
336
336
336
338
338
339
340
340
340
340
341
341
342
342
343
343
343
343
344
344
344
344
345
346
347
347
347
348
349
349
349
350
351
351
354
354
355
355
357
358
359
360
360
361
362
362
363
363
363
363
363
364
365
366
366
366
367
368
371
371
371
371
371
372
372
372
372
373
374
374
375
375
377
378
378
378
380
380
381
382
383
384
384
384
384
386
386
386
386
387
387
387
387
388
390
391
391
392
392
392
392
393
394
394
395
396
396
396
397
398
399
399
399
399
399
400
400
400
400
402
402
402
402
403
403
405
405
406
406
406
406
407
407
407
408
408
408
408
409
410
411
412
412
412
413
413
414
414
414
414
415
415
415
415
415
416
416
416
416
416
416
416
418
418
418
418
419
419
419
419
420
420
422
422
423
423
424
424
425
425
426
427
428
428
428
429
429
429
429
430
431
432
432
434
434
434
434
434
435
435
435
436
436
436
436
436
437
437
438
438
438
438
439
439
439
440
440
440
441
441
441
441
442
442
443
444
445
446
447
447
447
448
448
449
450
450
451
451
452
452
453
453
453
454
455
455
456
456
456
457
457
457
457
457
457
458
458
459
460
461
461
461
462
462
463
463
464
464
465
465
465
466
466
466
467
467
467
468
468
469
470
470
470
470
470
471
471
471
472
472
473
474
475
475
476
476
476
476
477
477
478
478
478
478
478
479
479
479
479
480
480
480
480
481
481
481
482
483
483
483
483
483
483
484
484
484
484
484
485
485
486
486
486
486
487
487
488
489
489
489
490
490
492
492
492
492
493
494
494
494
494
496
496
496
496
496
497
497
498
498
499
499
499
499
500
500
500
502
502
502
503
503
503
503
504
504
505
505
505
506
506
506
507
507
509
509
510
510
511
512
513
514
514
515
515
515
517
517
517
519
520
520
521
521
522
522
523
525
525
525
526
526
527
527
527
527
527
527
528
528
529
529
529
529
529
530
531
531
532
532
532
533
533
533
534
534
535
535
535
536
536
537
537
537
537
538
538
538
538
539
539
540
540
540
541
542
544
544
545
545
545
546
547
548
550
550
551
551
551
552
553
553
554
554
554
555
555
555
556
557
557
558
559
559
559
560
560
561
561
561
561
561
562
562
562
563
563
564
564
564
564
566
566
566
566
567
567
567
567
567
570
570
571
571
571
572
572
572
573
574
574
574
575
576
576
577
577
577
577
578
578
578
578
578
578
579
579
581
582
582
582
583
583
583
584
584
584
585
585
585
586
586
586
586
586
587
587
589
589
589
590
590
590
590
591
591
592
592
592
594
595
595
596
596
596
596
596
597
597
598
598
599
599
599
599
600
600
600
601
601
603
603
603
604
604
605
605
605
605
606
606
606
607
608
608
608
609
610
610
611
611
611
611
614
615
615
615
615
615
616
617
617
617
618
618
618
618
618
618
619
619
619
620
621
621
622
622
623
623
624
625
625
625
626
626
627
627
627
627
627
627
628
628
628
628
629
629
630
631
631
632
632
633
634
635
635
635
635
635
636
636
636
637
637
637
638
638
639
639
640
640
641
641
642
644
644
644
645
645
647
647
647
648
648
649
649
649
649
650
650
650
651
652
653
654
654
654
654
654
655
655
656
656
657
657
657
657
658
658
658
659
659
659
660
660
660
661
661
662
662
663
663
664
665
666
667
667
667
667
667
668
668
669
669
670
671
671
672
674
674
675
675
676
676
676
676
677
678
679
679
680
680
680
681
682
682
682
682
683
683
683
684
684
685
685
686
687
687
687
687
687
689
690
690
691
691
691
691
691
692
693
694
695
695
695
695
696
696
696
697
697
697
697
699
699
699
699
700
700
701
701
702
702
703
703
703
704
704
704
704
705
706
707
707
707
709
710
710
711
714
714
715
715
715
715
716
717
717
718
718
719
719
720
720
720
720
720
720
721
721
722
723
723
724
726
726
726
727
728
728
728
728
728
729
729
731
732
732
732
733
734
734
735
735
736
736
736
737
737
737
737
738
738
738
739
739
740
740
740
740
741
741
741
742
742
743
743
743
743
744
744
744
745
745
745
746
747
747
747
747
748
748
749
749
750
750
750
751
751
751
751
752
753
753
754
754
755
755
756
756
757
757
758
758
759
760
760
761
761
761
761
761
762
762
763
764
764
765
765
765
765
766
766
766
766
766
767
767
767
768
768
768
769
769
769
769
769
770
770
770
771
771
771
772
772
772
773
773
774
774
774
774
775
775
776
776
776
777
779
779
779
779
780
780
781
781
781
782
783
783
783
783
784
784
785
785
785
785
786
788
788
788
789
789
789
790
791
791
792
792
792
792
792
792
792
793
793
794
794
794
794
796
796
796
797
797
797
798
798
799
800
800
801
802
805
807
808
808
808
808
809
810
811
811
811
812
813
813
814
815
815
815
816
816
816
817
818
818
819
819
820
820
820
821
821
822
822
822
822
822
822
822
823
823
824
824
825
825
826
826
826
826
826
827
827
827
827
827
828
828
828
828
829
830
831
831
832
833
833
834
834
834
834
835
835
835
836
837
837
838
838
839
839
840
841
841
841
841
842
842
842
842
842
842
843
844
845
845
845
845
846
846
846
846
847
847
847
847
848
848
848
849
852
853
853
853
853
854
855
855
856
857
857
858
859
859
859
861
861
861
861
862
862
863
864
865
865
865
865
865
865
866
866
867
868
868
868
868
868
869
869
870
870
872
872
873
874
874
874
874
875
875
875
875
876
876
876
877
879
880
880
881
881
881
881
881
882
882
883
883
883
883
883
885
886
886
887
887
887
888
889
889
889
890
890
890
891
891
891
893
893
893
893
893
893
894
895
896
897
898
899
900
900
900
900
901
901
903
905
905
906
906
907
907
908
908
910
910
911
911
913
913
913
914
914
914
914
915
915
916
917
917
918
918
918
919
919
919
920
920
920
921
921
923
923
923
923
923
924
924
924
924
925
925
925
926
926
927
928
928
928
929
929
930
931
931
931
931
932
932
933
933
933
934
935
935
936
936
936
937
937
939
940
940
940
940
940
940
941
942
942
942
942
942
942
943
943
943
944
944
944
945
946
947
947
947
948
948
948
949
949
949
950
950
951
952
952
953
954
954
954
954
955
955
955
956
956
957
957
957
958
958
959
959
960
963
963
963
964
964
965
965
966
966
966
966
967
967
967
968
968
969
969
969
970
970
970
970
971
972
972
973
975
975
975
976
976
976
976
977
978
980
981
981
982
983
983
984
984
985
985
986
986
987
988
988
988
989
989
991
991
991
991
991
992
992
992
993
994
994
994
994
994
994
994
995
996
997
997
998
998
999
999
999
999
999
999
1000
1000
1000
1000
1001
1002
1004
1005
1005
1006
1006
1007
1008
1008
1009
1009
1010
1010
1010
1010
1011
1012
1012
1013
1014
1015
1015
1015
1015
1016
1017
1018
1019
1019
1019
1020
1020
1021
1023
1023
1023
1023
1023
1023
1025
1026
1026
1027
1027
1028
1029
1029
1029
1029
1030
1030
1030
1030
1030
1030
1031
1031
1031
1033
1033
1033
1033
1035
1035
1035
1035
1035
1035
1036
1036
1036
1036
1037
1037
1037
1038
1039
1040
1041
1041
1041
1042
1042
1042
1043
1043
1044
1044
1044
1044
1044
1044
1045
1045
1046
1047
1047
1048
1048
1049
1049
1049
1050
1050
1051
1051
1052
1052
1052
1052
1053
1054
1054
1055
1055
1055
1055
1055
1056
1056
1056
1056
1056
1056
1057
1057
1057
1058
1058
1059
1060
1060
1061
1062
1062
1062
1062
1062
1063
1063
1063
1063
1064
1064
1065
1066
1067
1067
1067
1068
1068
1069
1069
1069
1069
1070
1070
1071
1071
1072
1072
1073
1073
1073
1074
1075
1076
1076
1076
1077
1077
1077
1077
1078
1078
1079
1079
1080
1080
1080
1080
1081
1081
1081
1082
1082
1082
1083
1083
1083
1083
1083
1083
1084
1085
1086
1087
1087
1088
1089
1089
1090
1091
1091
1091
1091
1092
1092
1093
1093
1094
1094
1094
1095
1095
1097
1097
1097
1097
1098
1098
1098
1098
1098
1098
1099
1100
1100
1100
1101
1102
1102
1102
1103
1103
1104
1104
1105
1105
1105
1106
1106
1106
1106
1106
1106
1107
1108
1108
1108
1109
1109
1111
1112
1113
1114
1114
1115
1116
1116
1116
1117
1117
1117
1118
1118
1120
1120
1121
1122
1122
1122
1123
1123
1124
1124
1124
1124
1125
1125
1126
1126
1126
1128
1128
1128
1129
1129
1130
1130
1131
1132
1132
1133
1133
1134
1134
1135
1136
1136
1136
1136
1136
1136
1138
1138
1138
1139
1140
1140
1142
1142
1143
1143
1143
1144
1145
1145
1145
1145
1145
1145
1146
1146
1146
1146
1146
1147
1147
1148
1148
1149
1150
1150
1150
1150
1151
1151
1152
1152
1152
1152
1153
1153
1153
1154
1155
1155
1155
1155
1156
1157
1157
1158
1158
1159
1159
1160
1160
1160
1160
1160
1161
1161
1161
1161
1161
1161
1163
1163
1163
1164
1164
1165
1165
1166
1166
1167
1167
1167
1168
1169
1170
1170
1171
1171
1171
1171
1173
1174
1174
1174
1175
1175
1176
1176
1178
1178
1178
1179
1180
1181
1181
1181
1182
1182
1183
1183
1184
1184
1184
1184
1185
1186
1187
1187
1187
1188
1188
1188
1188
1188
1189
1189
1190
1190
1190
1191
1191
1191
1191
1192
1194
1194
1195
1195
1197
1197
1197
1198
1198
1198
1200
1200
1200
1200
1201
1201
1201
1202
1202
1203
1203
1203
1206
1207
1207
1208
1208
1208
1209
1210
1210
1210
1210
1210
1211
1211
1211
1211
1214
1214
1214
1214
1214
1215
1216
1216
1217
1218
1218
1218
1219
1219
1219
1220
1220
1220
1220
1221
1221
1222
1222
1223
1223
1223
1223
1223
1224
1225
1225
1227
1229
1229
1230
1230
1231
1232
1233
1234
1235
1237
1237
1239
1239
1239
1239
1239
1240
1240
1241
1241
1241
1242
1242
1242
1242
1244
1246
1248
1248
1248
1249
1249
1249
1249
1250
1250
1251
1251
1252
1252
1252
1252
1253
1253
1253
1254
1254
1254
1254
1256
1256
1256
1258
1258
1258
1258
1258
1259
1260
1260
1261
1261
1262
1263
1264
1264
1265
1265
1267
1268
1269
1269
1269
1270
1270
1271
1271
1271
1271
1271
1272
1272
1272
1272
1272
1272
1272
1273
1273
1274
1274
1275
1275
1277
1277
1277
1279
1279
1280
1281
1281
1282
1282
1282
1283
1283
1284
1284
1285
1285
1286
1286
1286
1286
1287
1287
1287
1287
1288
1289
1289
1289
1289
1290
1290
1290
1290
1291
1292
1292
1292
1293
1294
1294
1295
1296
1296
1296
1297
1297
1297
1298
1298
1299
1300
1300
1300
1301
1301
1301
1301
1302
1302
1303
1303
1304
1304
1304
1304
1305
1305
1305
1305
1306
1306
1307
1307
1308
1309
1310
1310
1310
1310
1312
1313
1314
1314
1315
1315
1315
1315
1316
1316
1317
1318
1318
1319
1320
1320
1321
1322
1322
1322
1322
1322
1323
1324
1324
1325
1326
1327
1327
1327
1327
1327
1328
1328
1328
1328
1330
1330
1330
1331
1333
1334
1334
1334
1334
1334
1335
1336
1336
1337
1337
1337
1337
1338
1339
1339
1339
1340
1341
1342
1342
1342
1343
1343
1343
1344
1346
1347
1347
1348
1348
1348
1348
1349
1349
1349
1351
1352
1352
1353
1354
1354
1354
1354
1355
1355
1355
1356
1356
1356
1357
1357
1357
1358
1358
1358
1358
1358
1359
1360
1360
1360
1361
1362
1362
1363
1363
1364
1364
1365
1365
1365
1365
1366
1367
1367
1367
1367
1367
1368
1368
1368
1368
1368
1368
1369
1369
1369
1369
1369
1369
1369
1369
1370
1370
1371
1371
1371
1372
1372
1372
1373
1373
1373
1374
1375
1376
1376
1376
1376
1377
1377
1378
1378
1379
1380
1381
1381
1381
1382
1383
1384
1384
1385
1385
1385
1385
1387
1388
1388
1388
1388
1388
1389
1390
1391
1392
1392
1392
1394
1394
1394
1394
1395
1395
1395
1396
1396
1396
1396
1396
1396
1397
1397
1399
1399
1399
1399
1400
1400
1401
1402
1402
1403
1403
1403
1403
1403
1405
1405
1406
1408
1408
1408
1408
1409
1409
1409
1409
1410
1410
1410
1410
1410
1411
1411
1411
1413
1413
1414
1414
1415
1416
1417
1417
1418
1418
1419
1420
1420
1420
1421
1421
1421
1421
1421
1422
1422
1422
1423
1423
1423
1424
1424
1424
1424
1424
1424
1425
1425
1427
1427
1428
1429
1429
1429
1429
1431
1431
1431
1431
1432
1432
1432
1433
1433
1434
1434
1434
1434
1435
1435
1435
1437
1437
1438
1438
1438
1439
1439
1439
1441
1441
1441
1442
1443
1443
1443
1443
1444
1444
1444
1444
1445
1445
1445
1446
1446
1446
1447
1448
1448
1448
1448
1448
1448
1449
1449
1449
1449
1450
1451
1451
1452
1452
1454
1456
1457
1457
1457
1458
1459
1460
1462
1463
1465
1465
1466
1467
1468
1468
1469
1469
1470
1472
1473
1473
1473
1474
1474
1474
1475
1476
1477
1477
1477
1477
1478
1478
1478
1479
1479
1479
1480
1480
1481
1481
1481
1482
1482
1483
1483
1483
1483
1483
1483
1483
1483
1485
1486
1486
1487
1487
1487
1488
1489
1490
1490
1490
1490
1491
1491
1492
1493
1493
1493
1493
1493
1494
1495
1495
1495
1495
1495
1496
1497
1497
1498
1498
1498
1498
1499
1499
1499
1500
1501
1502
1503
1503
1504
1504
1505
1506
1506
1507
1507
1508
1508
1509
1509
1509
1510
1511
1511
1512
1513
1513
1513
1514
1514
1514
1514
1516
1516
1516
1516
1518
1518
1518
1519
1520
1520
1520
1520
1520
1521
1523
1523
1523
1523
1523
1525
1525
1526
1526
1527
1527
1527
1527
1528
1529
1530
1530
1530
1531
1531
1532
1533
1533
1533
1534
1534
1534
1535
1536
1536
1536
1537
1538
1538
1539
1540
1541
1542
1542
1543
1543
1545
1546
1547
1547
1547
1548
1548
1549
1549
1549
1549
1551
1551
1551
1551
1551
1552
1552
1552
1553
1553
1553
1553
1553
1554
1554
1554
1554
1555
1556
1557
1558
1559
1559
1559
1559
1560
1560
1560
1560
1560
1562
1563
1563
1564
1565
1565
1565
1566
1567
1569
1569
1570
1570
1571
1571
1571
1572
1573
1573
1573
1574
1574
1574
1574
1575
1577
1577
1578
1578
1578
1578
1578
1579
1579
1579
1580
1580
1581
1581
1581
1582
1582
1582
1583
1583
1585
1586
1586
1586
1586
1587
1587
1587
1587
1587
1589
1589
1589
1589
1590
1590
1591
1591
1591
1592
1592
1592
1592
1592
1593
1593
1594
1594
1594
1595
1596
1596
1596
1597
1597
1597
1597
1598
1598
1598
1598
1599
1599
1599
1600
1600
1600
1601
1602
1603
1603
1603
1603
1604
1604
1604
1604
1604
1605
1605
1605
1605
1606
1607
1608
1608
1609
1609
1609
1610
1611
1612
1612
1613
1613
1613
1614
1614
1614
1616
1618
1618
1619
1620
1620
1620
1621
1621
1621
1622
1622
1623
1623
1623
1623
1623
1623
1624
1625
1627
1628
1628
1628
1629
1629
1629
1629
1629
1630
1631
1633
1634
1634
1634
1634
1635
1635
1635
1636
1636
1637
1638
1638
1639
1640
1641
1641
1642
1642
1642
1643
1643
1643
1644
1644
1644
1644
1644
1645
1645
1645
1646
1646
1646
1647
1647
1648
1648
1649
1649
1652
1653
1653
1653
1653
1654
1654
1654
1654
1655
1655
1655
1655
1656
1656
1656
1656
1657
1657
1657
1657
1658
1658
1659
1660
1660
1660
1660
1661
1662
1662
1662
1662
1662
1662
1663
1664
1664
1664
1664
1664
1665
1666
1666
1667
1667
1667
1668
1670
1672
1673
1673
1673
1673
1673
1673
1673
1674
1675
1675
1677
1677
1677
1679
1679
1680
1680
1681
1682
1683
1683
1684
1685
1686
1686
1686
1687
1687
1687
1688
1688
1688
1688
1688
1690
1690
1691
1691
1691
1692
1695
1696
1697
1697
1698
1698
1699
1699
1700
1700
1700
1701
1702
1702
1704
1706
1706
1707
1707
1708
1708
1708
1709
1709
1709
1710
1710
1710
1710
1712
1712
1713
1713
1713
1714
1714
1714
1715
1715
1715
1716
1717
1717
1717
1717
1718
1718
1718
1718
1719
1720
1720
1720
1721
1721
1722
1724
1724
1724
1725
1725
1725
1725
1726
1726
1726
1727
1728
1728
1728
1728
1728
1730
1730
1730
1730
1731
1731
1732
1733
1733
1734
1734
1734
1735
1736
1737
1737
1737
1737
1738
1738
1738
1738
1738
1738
1738
1738
1739
1739
1739
1740
1740
1742
1742
1742
1742
1743
1743
1743
1743
1744
1744
1745
1745
1745
1745
1746
1746
1746
1747
1747
1748
1748
1748
1748
1748
1748
1749
1749
1750
1750
1750
1750
1750
1750
1751
1751
1752
1752
1753
1753
1753
1753
1754
1754
1754
1754
1754
1755
1756
1757
1757
1757
1757
1757
1757
1758
1758
1758
1759
1760
1760
1760
1760
1761
1761
1761
1762
1762
1762
1762
1762
1762
1763
1763
1764
1764
1764
1765
1766
1766
1766
1766
1768
1768
1768
1768
1769
1769
1769
1769
1770
1773
1774
1775
1775
1775
1776
1777
1777
1777
1777
1778
1778
1779
1779
1780
1780
1781
1783
1783
1783
1783
1783
1783
1784
1784
1785
1785
1785
1786
1786
1788
1788
1789
1789
1790
1790
1790
1791
1792
1792
1792
1792
1793
1794
1794
1794
1794
1794
1795
1795
1796
1796
1796
1796
1797
1797
1797
1798
1799
1800
1800
1800
1801
1801
1802
1803
1803
1803
1804
1804
1805
1805
1806
1806
1806
1806
1807
1807
1808
1808
1809
1809
1810
1810
1812
1812
1812
1812
1813
1813
1813
1814
1814
1814
1816
1816
1816
1816
1817
1818
1819
1819
1820
1821
1821
1821
1822
1822
1823
1823
1823
1823
1823
1824
1824
1825
1825
1826
1826
1826
1827
1827
1831
1832
1832
1832
1832
1832
1833
1833
1834
1834
1835
1835
1835
1836
1836
1837
1838
1838
1838
1838
1838
1838
1838
1839
1839
1839
1842
1842
1842
1842
1842
1843
1843
1845
1846
1846
1846
1847
1848
1849
1849
1849
1850
1850
1851
1851
1853
1853
1853
1853
1853
1853
1854
1855
1855
1856
1857
1857
1858
1860
1860
1860
1861
1861
1861
1862
1862
1862
1862
1863
1863
1865
1866
1867
1867
1870
1870
1871
1871
1872
1872
1872
1872
1873
1873
1874
1874
1874
1875
1877
1877
1877
1877
1877
1877
1878
1879
1879
1880
1880
1881
1881
1881
1881
1882
1882
1883
1883
1883
1883
1883
1883
1884
1884
1884
1885
1886
1886
1886
1887
1887
1887
1887
1888
1888
1888
1888
1888
1889
1889
1889
1890
1890
1890
1890
1890
1891
1892
1892
1892
1892
1893
1893
1894
1894
1894
1895
1895
1895
1895
1895
1896
1896
1896
1896
1896
1897
1897
1897
1898
1899
1899
1900
1900
1900
1900
1901
1901
1901
1901
1902
1902
1902
1903
1905
1905
1906
1906
1906
1906
1907
1907
1907
1907
1908
1909
1909
1911
1912
1912
1913
1913
1913
1914
1915
1915
1915
1916
1916
1917
1917
1917
1917
1917
1918
1918
1918
1918
1919
1919
1919
1920
1921
1921
1921
1921
1921
1922
1922
1922
1923
1923
1923
1924
1924
1927
1927
1927
1928
1928
1929
1930
1930
1930
1930
1931
1931
1931
1931
1931
1932
1932
1933
1933
1933
1933
1933
1934
1934
1934
1934
1934
1935
1935
1936
1936
1936
1937
1937
1937
1937
1937
1937
1938
1938
1938
1939
1939
1939
1940
1941
1941
1941
1942
1943
1943
1944
1945
1946
1946
1946
1947
1950
1951
1951
1953
1953
1953
1954
1954
1954
1955
1956
1956
1956
1957
1958
1958
1960
1960
1960
1960
1960
1961
1961
1961
1962
1963
1964
1964
1965
1966
1966
1966
1966
1966
1966
1968
1968
1968
1968
1969
1969
1970
1970
1970
1970
1970
1972
1972
1972
1972
1973
1973
1973
1974
1974
1975
1975
1975
1976
1976
1977
1977
1977
1978
1979
1979
1980
1980
1980
1980
1980
1981
1982
1983
1984
1984
1984
1985
1985
1987
1987
1987
1987
1988
1988
1989
1989
1989
1989
1990
1990
1991
1992
1992
1992
1992
1993
1993
1993
1994
1994
1994
1994
1995
1995
1996
1997
1997
1998
1999
1999
1999
2000
2000
2000
