4
4
12
13
14
19
23
25
26
27
31
31
34
35
40
40
45
45
48
57
63
66
69
70
76
76
77
84
84
85
86
86
87
93
97
104
109
111
112
117
120
124
126
128
128
128
133
135
135
135
136
141
142
146
148
150
154
154
158
160
161
169
169
170
170
172
180
180
182
184
184
184
191
192
194
197
204
204
204
206
206
210
213
214
214
217
218
219
223
223
223
225
228
228
229
231
231
232
233
235
235
237
238
238
242
250
252
252
252
255
256
258
258
259
260
262
263
264
269
269
270
271
271
272
275
278
280
280
284
287
289
292
296
297
298
299
299
299
302
303
303
303
305
308
309
310
312
316
318
319
322
322
326
329
330
332
334
335
335
336
338
339
340
342
343
344
344
347
354
355
355
362
362
363
363
366
371
377
380
386
387
390
391
392
396
399
399
403
407
407
407
411
413
415
418
423
425
428
432
434
434
434
436
436
436
438
442
445
446
451
452
455
456
456
457
461
467
470
474
476
478
478
481
484
484
485
486
488
489
492
492
499
503
503
503
504
504
505
507
510
514
515
522
526
528
529
529
529
532
532
537
538
538
539
539
540
540
545
545
546
550
553
555
561
561
566
567
567
571
572
572
574
577
578
578
581
582
583
584
585
586
587
591
592
592
594
595
596
599
604
605
614
617
622
623
625
625
627
627
629
631
632
635
635
636
637
637
637
644
645
649
649
652
654
658
658
659
662
667
667
671
671
676
678
680
680
681
682
683
685
687
687
691
691
695
695
697
699
700
701
702
702
703
704
710
715
717
718
719
726
726
727
728
728
737
738
740
741
743
743
747
749
751
751
756
758
761
761
762
762
764
765
766
767
768
770
772
773
776
779
780
780
781
782
785
785
788
791
792
793
794
794
797
808
808
808
809
810
811
812
814
815
817
818
819
819
821
822
822
825
828
834
837
839
842
847
847
853
853
855
856
859
861
862
865
872
874
876
882
883
883
883
889
893
893
893
893
896
901
905
906
906
908
913
914
914
915
919
920
924
925
928
928
930
931
931
932
933
935
937
942
944
948
949
950
951
952
954
956
956
957
958
959
963
965
967
967
969
972
976
978
983
988
992
994
998
998
999
999
1002
1006
1010
1010
1012
1014
1019
1019
1023
1023
1026
1027
1029
1035
1035
1036
1036
1037
1038
1043
1044
1044
1045
1047
1049
1051
1052
1055
1056
1061
1062
1063
1063
1069
1070
1073
1076
1077
1077
1078
1078
1081
1083
1083
1085
1088
1089
1091
1094
1097
1098
1102
1103
1103
1104
1105
1108
1109
1109
1114
1116
1117
1117
1120
1126
1126
1129
1132
1134
1136
1138
1140
1140
1142
1143
1145
1145
1145
1150
1158
1159
1159
1160
1160
1161
1161
1163
1171
1174
1174
1175
1178
1185
1188
1189
1189
1191
1197
1198
1200
1207
1207
1209
1210
1210
1210
1211
1214
1215
1216
1221
1222
1223
1225
1229
1229
1230
1234
1240
1241
1241
1242
1249
1249
1252
1253
1254
1258
1258
1258
1258
1261
1268
1269
1270
1271
1272
1274
1279
1281
1282
1283
1286
1286
1287
1288
1289
1289
1290
1290
1292
1293
1296
1297
1300
1301
1302
1304
1305
1305
1305
1306
1308
1309
1310
1310
1314
1315
1317
1322
1322
1324
1324
1327
1327
1328
1331
1334
1336
1337
1337
1337
1348
1348
1348
1349
1352
1354
1355
1356
1363
1366
1368
1370
1372
1373
1376
1376
1376
1378
1380
1381
1382
1385
1390
1391
1395
1396
1396
1396
1397
1402
1403
1409
1413
1415
1416
1418
1420
1422
1423
1424
1425
1429
1434
1434
1438
1443
1444
1444
1445
1445
1450
1452
1463
1467
1473
1473
1474
1475
1477
1479
1481
1481
1483
1486
1489
1490
1491
1491
1492
1503
1504
1506
1507
1508
1512
1516
1520
1520
1523
1523
1523
1523
1527
1529
1530
1530
1532
1539
1541
1542
1551
1553
1559
1560
1569
1574
1577
1578
1578
1579
1582
1582
1583
1587
1587
1587
1595
1596
1601
1605
1608
1608
1609
1610
1613
1619
1621
1623
1623
1623
1628
1629
1631
1635
1638
1639
1642
1643
1644
1644
1645
1646
1646
1648
1649
1654
1654
1654
1655
1656
1657
1658
1660
1662
1662
1664
1667
1673
1673
1680
1685
1686
1687
1688
1688
1688
1697
1697
1700
1708
1708
1710
1712
1713
1717
1719
1720
1722
1724
1725
1725
1726
1727
1728
1728
1730
1730
1733
1734
1736
1740
1740
1744
1745
1747
1748
1749
1749
1750
1750
1752
1752
1757
1757
1758
1760
1762
1762
1762
1764
1764
1766
1768
1769
1774
1775
1777
1783
1783
1783
1784
1785
1792
1796
1796
1802
1803
1803
1803
1804
1806
1809
1810
1810
1812
1814
1814
1816
1819
1826
1831
1832
1832
1832
1838
1839
1842
1843
1843
1848
1850
1850
1853
1853
1860
1860
1862
1867
1872
1873
1873
1874
1877
1877
1878
1880
1883
1884
1886
1888
1888
1890
1891
1892
1895
1896
1897
1899
1900
1901
1902
1905
1906
1907
1907
1909
1912
1915
1915
1917
1917
1918
1918
1919
1919
1921
1922
1927
1928
1930
1931
1933
1933
1933
1934
1938
1940
1947
1953
1953
1954
1960
1961
1961
1970
1970
1972
1975
1976
1979
1985
1985
1988
1991
1992
1994
1995
1999
2000
