2
5
6
14
14
15
20
21
23
28
29
31
32
35
35
37
43
46
50
50
61
62
64
65
66
67
73
78
88
89
89
97
98
99
109
110
111
112
118
128
129
130
132
133
134
136
141
147
148
148
154
157
158
167
170
171
173
174
176
180
183
184
185
188
190
192
198
198
203
205
207
207
207
208
212
220
223
225
228
233
237
239
245
246
248
250
255
257
257
258
258
261
263
266
266
272
272
275
275
277
280
281
295
296
300
303
313
314
318
324
324
328
332
335
342
348
354
357
359
361
364
371
372
374
378
382
387
387
391
400
402
403
408
416
418
418
424
425
429
432
435
437
438
438
439
440
441
448
448
454
457
458
461
462
464
468
472
472
476
479
481
483
483
487
492
493
494
496
497
499
517
519
521
522
525
526
532
535
536
537
552
556
559
560
561
562
564
577
592
596
597
598
600
600
605
608
618
620
621
624
629
635
640
641
648
648
651
653
654
654
657
659
660
667
674
684
686
687
691
691
695
696
697
699
704
709
714
715
723
728
729
732
732
735
736
736
740
742
742
743
747
747
747
750
750
751
755
763
765
765
767
783
788
789
790
792
794
796
797
798
802
808
823
826
833
834
835
845
853
859
861
864
865
867
869
873
874
875
875
876
880
885
886
887
887
889
891
891
899
900
901
913
923
923
923
927
931
931
936
937
942
947
947
949
953
955
957
960
965
966
972
975
984
987
988
994
994
999
1000
1007
1029
1030
1033
1041
1042
1044
1046
1047
1052
1054
1055
1062
1063
1064
1067
1073
1075
1076
1080
1080
1081
1082
1083
1092
1093
1093
1094
1106
1112
1115
1116
1122
1123
1125
1129
1134
1136
1143
1143
1145
1146
1147
1150
1154
1155
1157
1164
1166
1167
1171
1174
1181
1182
1191
1192
1200
1201
1202
1203
1214
1216
1218
1219
1219
1220
1220
1223
1225
1227
1232
1233
1237
1239
1242
1242
1248
1256
1256
1260
1263
1264
1272
1282
1284
1285
1285
1289
1289
1291
1294
1296
1297
1299
1301
1303
1304
1315
1316
1320
1323
1326
1330
1330
1334
1342
1347
1354
1358
1358
1363
1364
1367
1367
1367
1369
1372
1385
1388
1392
1392
1396
1402
1403
1403
1410
1417
1417
1420
1421
1422
1427
1428
1432
1432
1434
1437
1444
1446
1446
1448
1448
1448
1451
1457
1458
1462
1470
1472
1473
1477
1479
1482
1485
1486
1493
1495
1495
1499
1502
1509
1513
1514
1518
1519
1520
1525
1530
1531
1534
1536
1537
1538
1538
1542
1545
1548
1549
1551
1556
1559
1560
1565
1567
1573
1573
1574
1578
1580
1580
1581
1582
1592
1598
1598
1598
1598
1602
1604
1605
1609
1613
1618
1618
1620
1622
1624
1629
1641
1644
1655
1657
1662
1664
1668
1673
1673
1675
1677
1681
1683
1687
1687
1691
1701
1702
1713
1714
1717
1720
1726
1730
1732
1738
1742
1750
1750
1751
1753
1756
1757
1761
1763
1766
1768
1770
1773
1777
1778
1786
1794
1795
1797
1800
1801
1816
1823
1827
1832
1837
1846
1846
1846
1847
1854
1858
1862
1863
1867
1872
1872
1879
1883
1887
1895
1896
1897
1899
1901
1908
1911
1913
1918
1923
1932
1933
1937
1938
1939
1944
1945
1951
1956
1960
1960
1963
1964
1966
1973
1974
1979
1984
1988
1990
1990
1999
1999
