2
3
3
3
9
9
11
15
15
17
18
19
34
35
35
37
39
39
42
48
52
57
57
59
59
66
71
72
73
78
78
78
79
79
82
82
87
94
94
96
97
104
107
108
111
114
115
118
118
122
122
123
124
125
141
142
143
146
152
156
158
159
160
161
162
164
169
172
173
174
174
174
177
180
183
183
187
189
191
192
194
195
197
202
203
204
204
215
216
217
219
221
223
225
230
230
231
234
236
237
237
240
244
247
249
250
251
260
267
270
271
276
277
280
287
292
292
293
293
295
295
299
309
309
315
317
328
329
333
335
336
338
343
349
363
363
366
366
367
371
372
372
375
378
386
387
392
394
397
398
399
399
405
406
412
414
415
415
415
420
434
435
439
442
443
447
447
451
453
459
461
465
466
468
469
476
478
478
479
480
480
481
482
483
484
486
490
494
494
496
499
503
505
507
517
525
527
527
528
530
533
534
535
544
544
550
551
553
554
557
558
559
559
564
567
567
572
574
577
578
583
584
586
586
586
587
589
590
590
596
596
598
599
603
604
606
608
609
610
611
615
615
617
618
619
619
623
625
626
627
627
628
628
642
649
650
654
657
657
661
664
670
672
676
676
676
689
690
693
694
696
697
701
711
716
717
718
720
720
720
729
734
738
739
745
748
751
754
760
764
765
770
770
771
771
772
774
774
777
783
785
789
792
792
796
798
800
805
815
816
816
820
822
822
822
822
823
824
825
826
827
828
830
831
835
836
838
841
841
842
842
844
845
846
846
852
854
858
859
863
865
868
872
876
877
881
883
890
897
900
900
905
910
911
911
913
917
918
919
921
923
923
924
928
932
933
939
940
940
940
941
943
945
946
948
950
952
954
963
964
968
968
973
975
976
976
976
980
986
989
991
991
991
994
994
996
997
1000
1001
1004
1005
1006
1008
1009
1013
1015
1020
1020
1021
1023
1028
1030
1030
1031
1031
1033
1036
1041
1043
1044
1050
1051
1052
1056
1057
1060
1062
1064
1065
1067
1068
1068
1069
1074
1076
1077
1079
1080
1081
1082
1086
1091
1095
1098
1098
1099
1100
1101
1102
1102
1106
1111
1113
1118
1124
1125
1126
1128
1128
1131
1142
1144
1147
1148
1148
1150
1151
1153
1156
1160
1178
1182
1183
1187
1191
1194
1195
1201
1202
1203
1208
1214
1218
1219
1220
1223
1237
1239
1239
1241
1242
1246
1252
1252
1256
1258
1261
1262
1264
1265
1271
1272
1272
1272
1272
1275
1277
1286
1287
1292
1295
1298
1301
1314
1315
1322
1322
1328
1335
1336
1340
1343
1352
1356
1357
1358
1362
1367
1368
1369
1371
1371
1372
1374
1379
1384
1387
1388
1388
1394
1397
1408
1410
1410
1414
1419
1420
1421
1421
1423
1423
1424
1425
1429
1433
1434
1441
1447
1448
1449
1449
1456
1465
1466
1468
1469
1469
1474
1480
1482
1483
1487
1487
1490
1490
1493
1496
1497
1498
1499
1499
1506
1514
1516
1518
1528
1531
1534
1536
1536
1543
1547
1549
1551
1552
1553
1554
1555
1558
1560
1569
1572
1574
1579
1586
1590
1592
1594
1594
1596
1597
1600
1600
1603
1604
1606
1612
1613
1616
1620
1628
1629
1629
1630
1633
1634
1634
1635
1636
1640
1641
1643
1645
1648
1652
1655
1661
1662
1662
1664
1665
1666
1667
1674
1679
1679
1683
1686
1690
1692
1699
1708
1709
1710
1712
1714
1717
1718
1724
1733
1737
1738
1738
1739
1739
1742
1743
1746
1747
1748
1748
1753
1753
1754
1754
1759
1760
1762
1762
1765
1769
1769
1775
1778
1779
1783
1784
1790
1793
1794
1794
1795
1799
1800
1800
1813
1814
1817
1821
1823
1823
1833
1836
1838
1839
1839
1842
1845
1849
1851
1851
1855
1855
1856
1857
1865
1871
1871
1872
1874
1875
1877
1877
1880
1882
1883
1884
1885
1886
1888
1889
1901
1902
1902
1906
1906
1909
1916
1916
1917
1921
1923
1924
1931
1934
1934
1934
1937
1937
1941
1942
1946
1946
1950
1953
1955
1956
1957
1958
1961
1966
1968
1972
1972
1973
1978
1980
1980
1980
1980
1989
1989
1992
1994
1994
1994
1995
1996
1998
2000
