8
22
30
36
36
38
46
52
68
126
129
130
136
138
142
163
170
180
182
182
193
198
203
209
212
229
235
241
242
270
282
284
295
298
300
317
324
344
346
347
351
392
393
406
408
408
409
412
412
418
447
463
475
480
485
509
554
584
599
603
611
615
615
617
618
618
622
627
645
650
683
744
761
761
799
813
818
827
831
837
843
846
848
853
855
886
900
915
924
926
958
969
982
995
999
1010
1031
1045
1055
1059
1060
1087
1092
1095
1098
1122
1136
1138
1167
1176
1188
1190
1195
1200
1208
1221
1251
1252
1254
1290
1364
1365
1367
1369
1369
1369
1373
1376
1388
1392
1400
1406
1408
1409
1410
1439
1443
1448
1493
1495
1501
1510
1521
1534
1546
1547
1552
1571
1578
1583
1587
1591
1592
1597
1622
1625
1629
1638
1653
1654
1677
1680
1698
1700
1709
1718
1724
1731
1734
1753
1758
1779
1788
1797
1798
1805
1807
1812
1825
1838
1838
1842
1853
1879
1881
1881
1887
1896
1907
1930
1933
1937
1939
1941
1969
1976
1992
1993
