5
6
8
12
17
26
26
27
28
31
32
35
37
38
42
43
46
54
54
62
65
68
74
76
77
82
83
83
86
89
89
93
93
97
99
99
101
101
101
103
103
104
105
110
111
116
118
119
120
121
125
126
126
127
129
130
136
136
138
146
150
151
153
157
157
160
165
168
171
174
176
180
181
183
183
188
195
199
205
207
209
210
210
213
214
217
223
226
226
229
229
231
231
231
231
234
235
240
243
245
246
249
254
255
258
260
260
262
263
267
274
275
278
279
287
290
298
300
300
302
305
309
310
310
316
317
318
319
321
324
324
325
331
335
336
340
340
341
343
345
350
360
365
368
373
381
384
384
386
392
396
400
402
405
406
410
414
415
416
419
422
423
427
428
428
429
429
430
439
440
452
453
453
455
457
458
462
464
466
471
471
477
478
479
480
483
484
486
489
492
494
496
498
502
505
506
506
509
510
511
514
517
520
523
525
527
529
529
531
537
538
540
542
551
557
561
562
563
564
566
567
570
570
571
571
573
574
576
578
579
583
585
591
596
600
605
608
610
611
611
615
616
621
627
630
634
636
638
640
644
644
647
647
649
650
655
656
658
660
662
663
663
666
674
675
677
679
679
680
682
684
685
690
692
699
703
704
705
707
707
720
721
721
722
726
728
731
736
737
737
739
740
741
741
744
745
749
750
753
754
757
757
758
759
766
766
766
768
769
769
769
772
773
774
779
779
781
783
784
785
786
791
797
811
811
820
822
824
826
827
827
828
829
838
839
842
845
846
847
848
848
865
865
866
866
869
874
875
879
887
893
894
895
903
907
914
917
918
919
924
925
926
929
933
935
936
944
948
954
955
964
969
975
977
981
983
986
989
991
994
994
999
1000
1000
1005
1008
1009
1010
1016
1017
1018
1019
1023
1023
1023
1026
1027
1029
1029
1030
1030
1030
1033
1035
1035
1037
1039
1041
1044
1048
1049
1055
1056
1056
1056
1057
1062
1066
1067
1069
1072
1073
1082
1083
1091
1097
1097
1098
1100
1106
1106
1107
1108
1116
1120
1123
1124
1124
1124
1128
1130
1132
1135
1136
1138
1145
1145
1146
1150
1152
1152
1152
1153
1157
1160
1163
1164
1165
1166
1168
1170
1171
1173
1175
1176
1178
1181
1184
1187
1188
1190
1191
1197
1198
1201
1206
1210
1211
1211
1214
1217
1218
1223
1223
1224
1231
1240
1249
1250
1253
1265
1267
1270
1271
1273
1274
1277
1277
1280
1282
1283
1286
1287
1292
1294
1296
1297
1301
1306
1307
1307
1310
1312
1315
1316
1319
1320
1321
1327
1328
1334
1334
1334
1337
1339
1339
1341
1342
1343
1343
1344
1347
1358
1358
1360
1362
1365
1368
1368
1368
1368
1369
1370
1373
1375
1377
1377
1381
1381
1384
1385
1394
1394
1399
1399
1403
1403
1405
1408
1408
1409
1409
1410
1411
1413
1421
1422
1427
1431
1431
1435
1435
1438
1439
1443
1443
1444
1446
1454
1457
1474
1477
1478
1479
1483
1483
1483
1490
1494
1500
1504
1508
1509
1511
1514
1514
1516
1518
1533
1533
1535
1547
1549
1549
1551
1552
1553
1553
1554
1557
1559
1559
1560
1560
1562
1563
1565
1566
1570
1573
1578
1579
1581
1586
1586
1587
1589
1590
1591
1592
1593
1593
1596
1597
1599
1603
1604
1604
1607
1609
1612
1614
1614
1623
1627
1634
1636
1637
1644
1645
1647
1647
1649
1656
1656
1657
1658
1662
1663
1664
1673
1675
1682
1684
1686
1688
1690
1691
1699
1700
1702
1707
1709
1710
1710
1713
1714
1718
1725
1726
1728
1731
1734
1738
1738
1738
1738
1739
1742
1742
1743
1744
1745
1745
1748
1750
1754
1754
1757
1760
1760
1761
1763
1768
1768
1775
1776
1777
1781
1785
1789
1789
1790
1791
1792
1794
1794
1796
1804
1805
1806
1806
1807
1808
1816
1816
1819
1820
1821
1822
1823
1823
1824
1826
1827
1833
1835
1838
1838
1853
1857
1861
1861
1862
1863
1866
1874
1877
1877
1881
1882
1883
1884
1887
1887
1889
1890
1893
1893
1894
1896
1898
1901
1903
1905
1906
1912
1913
1914
1915
1917
1918
1919
1921
1921
1923
1927
1931
1934
1935
1936
1936
1951
1954
1954
1960
1960
1965
1966
1966
1968
1969
1970
1972
1973
1977
1977
1980
1981
1982
1983
1984
1992
1993
2000
