4
5
6
10
15
17
19
20
21
24
37
42
47
49
52
52
58
59
64
65
65
66
70
70
75
75
77
78
85
87
88
90
92
93
97
103
103
104
106
108
109
113
113
117
118
122
123
127
129
132
134
138
140
149
150
151
151
154
158
160
160
162
165
168
170
171
173
174
178
184
185
186
191
192
192
196
200
204
210
214
218
219
220
220
227
227
230
231
232
233
238
240
241
246
246
248
248
248
249
251
251
252
253
253
254
254
256
257
261
261
263
265
270
271
274
275
280
282
283
287
287
293
297
297
298
302
303
303
303
313
315
320
323
323
325
326
327
340
341
343
344
347
349
351
358
360
363
371
371
372
374
375
378
380
383
384
384
386
388
394
395
396
399
400
406
408
413
414
414
416
416
416
416
416
419
419
419
420
422
424
426
429
431
434
435
436
436
437
440
441
441
441
444
449
450
450
456
457
457
460
463
465
465
466
467
467
470
470
470
473
475
476
477
479
483
483
484
486
487
489
490
496
496
497
498
499
500
500
500
502
502
506
512
513
515
515
520
521
527
527
527
531
534
535
536
537
538
541
545
547
551
554
555
555
560
561
562
563
564
566
566
576
577
578
578
579
582
582
585
586
589
589
590
590
595
597
599
601
601
603
605
606
606
607
618
618
619
628
628
631
632
633
635
635
636
638
639
639
641
647
654
655
656
659
660
661
665
667
667
668
668
669
669
675
682
683
687
687
691
695
696
697
699
700
703
704
706
707
710
714
715
719
720
720
723
724
728
732
733
734
735
737
738
740
743
745
746
748
753
755
756
760
761
766
767
768
769
769
771
775
775
776
776
779
784
788
789
792
792
793
794
796
800
801
807
813
815
816
820
821
826
826
828
832
833
834
834
835
840
841
841
842
845
847
849
857
857
861
861
862
865
868
868
868
868
870
874
875
880
881
881
881
882
883
889
890
890
891
893
898
907
908
910
914
916
918
920
920
921
925
929
934
936
940
940
940
942
942
942
942
943
943
944
947
949
954
955
957
959
963
966
966
966
967
970
970
970
971
981
984
985
985
988
991
992
992
993
997
999
1011
1012
1015
1015
1015
1025
1033
1035
1035
1036
1037
1040
1042
1042
1044
1048
1049
1050
1052
1053
1054
1055
1056
1058
1058
1062
1063
1069
1070
1071
1072
1077
1079
1080
1083
1083
1084
1087
1089
1090
1091
1094
1097
1098
1100
1104
1105
1105
1106
1106
1108
1114
1117
1118
1121
1122
1130
1133
1133
1136
1136
1139
1146
1146
1146
1149
1151
1152
1153
1155
1155
1155
1158
1160
1161
1161
1161
1161
1163
1165
1167
1169
1170
1171
1179
1180
1181
1183
1184
1184
1184
1186
1187
1188
1190
1194
1198
1200
1203
1210
1211
1214
1220
1222
1230
1235
1239
1244
1248
1248
1249
1250
1251
1253
1254
1254
1259
1260
1269
1269
1271
1272
1273
1275
1279
1281
1284
1290
1298
1300
1300
1302
1303
1304
1304
1310
1313
1318
1318
1322
1325
1327
1327
1328
1330
1338
1346
1349
1349
1351
1353
1354
1354
1355
1355
1356
1357
1357
1359
1360
1360
1361
1365
1365
1369
1369
1371
1378
1383
1385
1388
1389
1394
1395
1395
1396
1396
1399
1399
1400
1401
1405
1411
1411
1414
1418
1421
1424
1424
1424
1424
1429
1429
1431
1431
1432
1433
1435
1437
1438
1441
1441
1442
1445
1448
1449
1449
1451
1452
1457
1459
1460
1465
1468
1476
1477
1478
1480
1481
1483
1483
1483
1487
1488
1493
1493
1495
1495
1497
1498
1498
1498
1503
1505
1507
1509
1511
1513
1516
1520
1520
1523
1525
1526
1526
1527
1527
1527
1533
1540
1543
1548
1551
1553
1554
1554
1563
1564
1565
1570
1571
1571
1574
1575
1577
1581
1585
1586
1589
1589
1589
1592
1594
1597
1599
1599
1600
1603
1603
1605
1605
1611
1614
1620
1621
1621
1623
1623
1628
1634
1635
1642
1642
1643
1644
1646
1653
1653
1655
1656
1657
1659
1660
1660
1660
1664
1666
1667
1670
1672
1673
1673
1677
1688
1695
1696
1698
1704
1706
1706
1707
1715
1715
1715
1716
1717
1718
1720
1721
1721
1725
1728
1728
1730
1735
1737
1737
1737
1738
1743
1743
1745
1746
1746
1748
1748
1750
1751
1754
1755
1757
1758
1761
1762
1764
1766
1766
1769
1777
1780
1780
1783
1783
1785
1786
1788
1790
1792
1796
1797
1801
1806
1808
1809
1812
1812
1813
1813
1818
1821
1822
1824
1825
1826
1832
1834
1834
1835
1835
1836
1838
1842
1842
1849
1849
1853
1853
1860
1861
1862
1870
1870
1883
1883
1886
1888
1889
1890
1890
1892
1892
1894
1894
1895
1895
1895
1896
1897
1900
1900
1900
1907
1913
1917
1920
1921
1922
1922
1924
1927
1928
1929
1930
1930
1931
1931
1935
1936
1937
1938
1939
1941
1943
1943
1946
1956
1958
1962
1966
1968
1968
1970
1970
1974
1975
1975
1977
1984
1987
1987
1987
1987
1989
1989
1993
1997
1997
